0
['rec1']
1
['rec1', 'rec2']
2
['rec1', 'rec2', 'rec3']
3
['rec4', 'rec1', 'rec2', 'rec3']
['rec4', 'rec1', 'rec2', 'rec3']
['rec3', 'rec1', 'rec2', 'rec4']
[[0, 0, 0, 0], [0, 0, 0, 0], [0, 0, 0, 0], [0, 0, 0, 0]]
annealing
IntelligentSwapping
a ['rec4', 'rec1', 'rec2', 'rec3'] b ['rec3', 'rec1', 'rec2', 'rec4']
minIndex 3 maxIndex 1
RandomVectoring
[[0, 0, 0, 0], [0, 0, 0, 0], [0, 0, 0, 0], [0, 0, 0, 0]]
['rec4', 'rec3', 'rec2', 'rec1']
['rec3', 'rec1', 'rec2', 'rec4']
[[0, 10, 0, 0], [10, 0, 0, 0], [0, 0, 0, 0], [0, 0, 0, 0]]
OBJ VALUE IS 1.0907306442670291e-01
Cx rec1 is 74
Cx rec2 is 74
Cx rec3 is 44
Cx rec4 is 66
Cy rec1 is 7.0000000000000142e+01
Cy rec2 is 110
Cy rec3 is 7.0000000000000426e+01
Cy rec4 is 1.3000000000000003e+02
coefficent matrix: [[-2.500000000000009e-06, 7.500000000000015e-06, -1.4285714285714373e-06, -3.5714285714285675e-06], [-3.3333333333333016e-06, -1.4285714285714373e-06, 5.9814169570266955e-06, -1.219512195121957e-06], [-1.47058823529412e-06, -3.5714285714285675e-06, -1.219512195121957e-06, 6.261529001844644e-06], [-1, -1, -1, -1]]
know term matrix: [-1229, -1229, -1229, 4]
Temperatura regione 0 = 391397148.539
Temperatura regione 1 = -137316173.674
Temperatura regione 2 = -59765016.9547
Temperatura regione 3 = -194315961.911
DCx(rec1,rec2) 0
DCy(rec1,rec2) 3.9999999999999574e+01
DCx(rec1,rec3) 30
DCy(rec1,rec3) 0
DCx(rec1,rec4) 8
DCy(rec1,rec4) 5.9999999999999602e+01
DCx(rec2,rec1) 0
DCy(rec2,rec1) 3.9999999999999574e+01
DCx(rec2,rec3) 30
DCy(rec2,rec3) 3.9999999999999574e+01
DCx(rec2,rec4) 8
DCy(rec2,rec4) 2.0000000000000028e+01
DCx(rec3,rec1) 30
DCy(rec3,rec1) 0
DCx(rec3,rec2) 30
DCy(rec3,rec2) 3.9999999999999574e+01
DCx(rec3,rec4) 22
DCy(rec3,rec4) 5.9999999999999602e+01
DCx(rec4,rec1) 8
DCy(rec4,rec1) 5.9999999999999602e+01
DCx(rec4,rec2) 8
DCy(rec4,rec2) 2.0000000000000028e+01
DCx(rec4,rec3) 22
DCy(rec4,rec3) 5.9999999999999602e+01
annealing
RandomSwapping
a ['rec4', 'rec1', 'rec2', 'rec3']
RandomSwapping
a ['rec4', 'rec1', 'rec2', 'rec3']
['rec4', 'rec1', 'rec2', 'rec3']
['rec3', 'rec2', 'rec1', 'rec4']
[[0, 10, 0, 0], [10, 0, 0, 0], [0, 0, 0, 0], [0, 0, 0, 0]]
OBJ VALUE IS 1.2454138758207343e-01
Cx rec1 is 4.3999999999999993e+01
Cx rec2 is 44
Cx rec3 is 4.4000000000000085e+01
Cx rec4 is 1.6999999999999964e+01
Cy rec1 is 60
Cy rec2 is 30
Cy rec3 is 10
Cy rec4 is 9.0000000000000114e+01
coefficent matrix: [[-3.3333333333333325e-06, 9.482758620689632e-06, -4.999999999999979e-06, -1.1494252873563198e-06], [-1.9999999999999965e-06, -4.999999999999979e-06, 7.934579439252309e-06, -9.345794392523344e-07], [-1.7543859649122765e-06, -1.1494252873563198e-06, -9.345794392523344e-07, 3.838390691520931e-06], [-1, -1, -1, -1]]
know term matrix: [-1229, -1229, -1229, 4]
Temperatura regione 0 = 399233211.473
Temperatura regione 1 = -79621603.3422
Temperatura regione 2 = -127108336.929
Temperatura regione 3 = -192503275.201
DCx(rec1,rec2) 0
DCy(rec1,rec2) 30
DCx(rec1,rec3) 0
DCy(rec1,rec3) 50
DCx(rec1,rec4) 2.7000000000000028e+01
DCy(rec1,rec4) 3.0000000000000114e+01
DCx(rec2,rec1) 0
DCy(rec2,rec1) 30
DCx(rec2,rec3) 0
DCy(rec2,rec3) 20
DCx(rec2,rec4) 2.7000000000000036e+01
DCy(rec2,rec4) 6.0000000000000114e+01
DCx(rec3,rec1) 0
DCy(rec3,rec1) 50
DCx(rec3,rec2) 0
DCy(rec3,rec2) 20
DCx(rec3,rec4) 2.7000000000000121e+01
DCy(rec3,rec4) 8.0000000000000114e+01
DCx(rec4,rec1) 2.7000000000000028e+01
DCy(rec4,rec1) 3.0000000000000114e+01
DCx(rec4,rec2) 2.7000000000000036e+01
DCy(rec4,rec2) 6.0000000000000114e+01
DCx(rec4,rec3) 2.7000000000000121e+01
DCy(rec4,rec3) 8.0000000000000114e+01
annealing
RandomSwapping
a ['rec4', 'rec1', 'rec2', 'rec3']
IntelligentVectoring
[[0, 10, 0, 0], [10, 0, 0, 0], [0, 0, 0, 0], [0, 0, 0, 0]]
[[0, 10, 0, 0], [10, 0, 0, 0], [0, 0, 0, 0], [0, 0, 0, 0]]
['rec3', 'rec1', 'rec2', 'rec4']
['rec3', 'rec1', 'rec2', 'rec4']
[[0, 10, 0, 0], [10, 0, 10, 0], [0, 10, 0, 0], [0, 0, 0, 0]]
OBJ VALUE IS 1.0712827404667598e-01
Cx rec1 is 66
Cx rec2 is 82
Cx rec3 is 43
Cx rec4 is 99
Cy rec1 is 50
Cy rec2 is 4.9999999999998494e+01
Cy rec3 is 50
Cy rec4 is 2.9999999999999787e+01
coefficent matrix: [[-6.2499999999994125e-06, 1.1516805266804675e-05, -2.564102564102465e-06, -2.7027027027027975e-06], [-4.347826086956521e-06, -2.564102564102465e-06, 8.227718124743193e-06, -1.315789473684207e-06], [-1.8867924528301813e-06, -2.7027027027027975e-06, -1.315789473684207e-06, 5.905284629217185e-06], [-1, -1, -1, -1]]
know term matrix: [-1229, -1229, -1229, 4]
Temperatura regione 0 = 238931408.997
Temperatura regione 1 = -26276247.8572
Temperatura regione 2 = -56305525.3792
Temperatura regione 3 = -156349639.761
DCx(rec1,rec2) 16
DCy(rec1,rec2) 0
DCx(rec1,rec3) 23
DCy(rec1,rec3) 0
DCx(rec1,rec4) 33
DCy(rec1,rec4) 2.0000000000000213e+01
DCx(rec2,rec1) 16
DCy(rec2,rec1) 0
DCx(rec2,rec3) 39
DCy(rec2,rec3) 0
DCx(rec2,rec4) 17
DCy(rec2,rec4) 1.9999999999998707e+01
DCx(rec3,rec1) 23
DCy(rec3,rec1) 0
DCx(rec3,rec2) 39
DCy(rec3,rec2) 0
DCx(rec3,rec4) 56
DCy(rec3,rec4) 2.0000000000000213e+01
DCx(rec4,rec1) 33
DCy(rec4,rec1) 2.0000000000000213e+01
DCx(rec4,rec2) 17
DCy(rec4,rec2) 1.9999999999998707e+01
DCx(rec4,rec3) 56
DCy(rec4,rec3) 2.0000000000000213e+01
annealing
IntelligentSwapping
a ['rec4', 'rec1', 'rec2', 'rec3'] b ['rec3', 'rec1', 'rec2', 'rec4']
minIndex 3 maxIndex 0
RandomSwapping
a ['rec4', 'rec1', 'rec2', 'rec3']
['rec4', 'rec1', 'rec3', 'rec2']
['rec3', 'rec1', 'rec2', 'rec4']
[[0, 10, 0, 0], [10, 0, 10, 0], [0, 10, 0, 0], [0, 0, 0, 0]]
OBJ VALUE IS 1.1057823816942783e-01
Cx rec1 is 48
Cx rec2 is 85
Cx rec3 is 48
Cx rec4 is 70
Cy rec1 is 5.9999999999999474e+01
Cy rec2 is 5.9999999999999005e+01
Cy rec3 is 2.9999999999999794e+01
Cy rec4 is 8.9999999999999019e+01
coefficent matrix: [[-2.7027027027026687e-06, 6.417462238357744e-06, -1.4925373134328534e-06, -2.2222222222222217e-06], [-3.333333333333369e-06, -1.4925373134328534e-06, 6.045382841888185e-06, -1.2195121951219628e-06], [-1.92307692307694e-06, -2.2222222222222217e-06, -1.2195121951219628e-06, 5.364811340421124e-06], [-1, -1, -1, -1]]
know term matrix: [-1229, -1229, -1229, 4]
Temperatura regione 0 = 353820239.092
Temperatura regione 1 = -116610531.126
Temperatura regione 2 = -70603209.792
Temperatura regione 3 = -166606502.174
DCx(rec1,rec2) 37
DCy(rec1,rec2) 0
DCx(rec1,rec3) 0
DCy(rec1,rec3) 3.0000000000000085e+01
DCx(rec1,rec4) 22
DCy(rec1,rec4) 2.9999999999998995e+01
DCx(rec2,rec1) 37
DCy(rec2,rec1) 0
DCx(rec2,rec3) 37
DCy(rec2,rec3) 2.9999999999998124e+01
DCx(rec2,rec4) 15
DCy(rec2,rec4) 3.0000000000000703e+01
DCx(rec3,rec1) 0
DCy(rec3,rec1) 3.0000000000000085e+01
DCx(rec3,rec2) 37
DCy(rec3,rec2) 2.9999999999998124e+01
DCx(rec3,rec4) 22
DCy(rec3,rec4) 5.9999999999998849e+01
DCx(rec4,rec1) 22
DCy(rec4,rec1) 2.9999999999998995e+01
DCx(rec4,rec2) 15
DCy(rec4,rec2) 3.0000000000000703e+01
DCx(rec4,rec3) 22
DCy(rec4,rec3) 5.9999999999998849e+01
annealing
RandomSwapping
a ['rec4', 'rec1', 'rec2', 'rec3']
IntelligentVectoring
[[0, 10, 0, 0], [10, 0, 10, 0], [0, 10, 0, 0], [0, 0, 0, 0]]
[[0, 10, 0, 0], [10, 0, 10, 0], [0, 10, 0, 0], [0, 0, 0, 0]]
['rec4', 'rec1', 'rec2', 'rec3']
['rec1', 'rec3', 'rec2', 'rec4']
[[0, 10, 10, 0], [10, 0, 10, 0], [10, 10, 0, 0], [0, 0, 0, 0]]
OBJ VALUE IS 1.1236299204735162e-01
Cx rec1 is 20
Cx rec2 is 48
Cx rec3 is 42
Cx rec4 is 66
Cy rec1 is 9.0000000000000298e+01
Cy rec2 is 110
Cy rec3 is 90
Cy rec4 is 1.5000000000000006e+02
coefficent matrix: [[-2.083333333333346e-06, 7.653625110521673e-06, -3.846153846153846e-06, -1.724137931034481e-06], [-4.5454545454544845e-06, -3.846153846153846e-06, 9.58208458208452e-06, -1.1904761904761897e-06], [-9.433962264150964e-07, -1.724137931034481e-06, -1.1904761904761897e-06, 3.858010347925768e-06], [-1, -1, -1, -1]]
know term matrix: [-1229, -1229, -1229, 4]
Temperatura regione 0 = 410486080.221
Temperatura regione 1 = -118849332.659
Temperatura regione 2 = -15544457.0024
Temperatura regione 3 = -276092294.56
DCx(rec1,rec2) 28
DCy(rec1,rec2) 1.9999999999999702e+01
DCx(rec1,rec3) 22
DCy(rec1,rec3) 2.9842794901924208e-13
DCx(rec1,rec4) 46
DCy(rec1,rec4) 5.9999999999999460e+01
DCx(rec2,rec1) 28
DCy(rec2,rec1) 1.9999999999999702e+01
DCx(rec2,rec3) 6
DCy(rec2,rec3) 20
DCx(rec2,rec4) 18
DCy(rec2,rec4) 4.0000000000000057e+01
DCx(rec3,rec1) 22
DCy(rec3,rec1) 2.9842794901924208e-13
DCx(rec3,rec2) 6
DCy(rec3,rec2) 20
DCx(rec3,rec4) 24
DCy(rec3,rec4) 6.0000000000000057e+01
DCx(rec4,rec1) 46
DCy(rec4,rec1) 5.9999999999999460e+01
DCx(rec4,rec2) 18
DCy(rec4,rec2) 4.0000000000000057e+01
DCx(rec4,rec3) 24
DCy(rec4,rec3) 6.0000000000000057e+01
annealing
RandomSwapping
a ['rec4', 'rec1', 'rec2', 'rec3']
IntelligentVectoring
[[0, 10, 10, 0], [10, 0, 10, 0], [10, 10, 0, 0], [0, 0, 0, 0]]
[[0, 10, 10, 0], [10, 0, 10, 0], [10, 10, 0, 0], [0, 0, 0, 0]]
['rec4', 'rec3', 'rec2', 'rec1']
['rec3', 'rec1', 'rec2', 'rec4']
[[0, 10, 10, 10], [10, 0, 10, 0], [10, 10, 0, 0], [10, 0, 0, 0]]
OBJ VALUE IS 1.0959423313585252e-01
Cx rec1 is 75
Cx rec2 is 76
Cx rec3 is 42
Cx rec4 is 20
Cy rec1 is 3.9999999999999936e+01
Cy rec2 is 6.9999999999999844e+01
Cy rec3 is 3.9999999999999446e+01
Cy rec4 is 110
coefficent matrix: [[-3.225806451612913e-06, 5.829973118279568e-06, -1.5624999999999903e-06, -1.0416666666666648e-06], [-3.0303030303029856e-06, -1.5624999999999903e-06, 5.679759552042099e-06, -1.0869565217391238e-06], [-7.999999999999998e-07, -1.0416666666666648e-06, -1.0869565217391238e-06, 2.928623188405788e-06], [-1, -1, -1, -1]]
know term matrix: [-1229, -1229, -1229, 4]
Temperatura regione 0 = 439200834.612
Temperatura regione 1 = -43690278.9654
Temperatura regione 2 = -58559753.173
Temperatura regione 3 = -336950806.473
DCx(rec1,rec2) 1
DCy(rec1,rec2) 2.9999999999999680e+01
DCx(rec1,rec3) 33
DCy(rec1,rec3) 0
DCx(rec1,rec4) 55
DCy(rec1,rec4) 6.9999999999999801e+01
DCx(rec2,rec1) 1
DCy(rec2,rec1) 2.9999999999999680e+01
DCx(rec2,rec3) 34
DCy(rec2,rec3) 3.0000000000000782e+01
DCx(rec2,rec4) 56
DCy(rec2,rec4) 3.9999999999999829e+01
DCx(rec3,rec1) 33
DCy(rec3,rec1) 0
DCx(rec3,rec2) 34
DCy(rec3,rec2) 3.0000000000000782e+01
DCx(rec3,rec4) 22
DCy(rec3,rec4) 7.0000000000000227e+01
DCx(rec4,rec1) 55
DCy(rec4,rec1) 6.9999999999999801e+01
DCx(rec4,rec2) 56
DCy(rec4,rec2) 3.9999999999999829e+01
DCx(rec4,rec3) 22
DCy(rec4,rec3) 7.0000000000000227e+01
annealing
RandomSwapping
a ['rec4', 'rec1', 'rec2', 'rec3']
RandomVectoring
[[0, 10, 10, 10], [10, 0, 10, 0], [10, 10, 0, 0], [10, 0, 0, 0]]
['rec4', 'rec3', 'rec2', 'rec1']
['rec3', 'rec1', 'rec2', 'rec4']
[[0, 10, 10, 10], [10, 0, 20, 0], [10, 20, 0, 0], [10, 0, 0, 0]]
OBJ VALUE IS 1.0907306442670298e-01
Cx rec1 is 7.3999999999999972e+01
Cx rec2 is 7.3999999999999972e+01
Cx rec3 is 44
Cx rec4 is 1.9999999999999911e+01
Cy rec1 is 30
Cy rec2 is 70
Cy rec3 is 30
Cy rec4 is 1.1000000000000017e+02
coefficent matrix: [[-2.5e-06, 4.99240121580547e-06, -1.428571428571429e-06, -1.0638297872340401e-06], [-3.3333333333333367e-06, -1.428571428571429e-06, 5.723443223443225e-06, -9.615384615384594e-07], [-7.462686567164166e-07, -1.0638297872340401e-06, -9.615384615384594e-07, 2.771636905488916e-06], [-1, -1, -1, -1]]
know term matrix: [-1229, -1229, -1229, 4]
Temperatura regione 0 = 473372749.446
Temperatura regione 1 = -92020689.2527
Temperatura regione 2 = -22323717.0759
Temperatura regione 3 = -359028347.117
DCx(rec1,rec2) 0
DCy(rec1,rec2) 40
DCx(rec1,rec3) 2.9999999999999972e+01
DCy(rec1,rec3) 0
DCx(rec1,rec4) 5.4000000000000057e+01
DCy(rec1,rec4) 8.0000000000000171e+01
DCx(rec2,rec1) 0
DCy(rec2,rec1) 40
DCx(rec2,rec3) 2.9999999999999972e+01
DCy(rec2,rec3) 40
DCx(rec2,rec4) 5.4000000000000057e+01
DCy(rec2,rec4) 4.0000000000000171e+01
DCx(rec3,rec1) 2.9999999999999972e+01
DCy(rec3,rec1) 0
DCx(rec3,rec2) 2.9999999999999972e+01
DCy(rec3,rec2) 40
DCx(rec3,rec4) 2.4000000000000089e+01
DCy(rec3,rec4) 8.0000000000000171e+01
DCx(rec4,rec1) 5.4000000000000057e+01
DCy(rec4,rec1) 8.0000000000000171e+01
DCx(rec4,rec2) 5.4000000000000057e+01
DCy(rec4,rec2) 4.0000000000000171e+01
DCx(rec4,rec3) 2.4000000000000089e+01
DCy(rec4,rec3) 8.0000000000000171e+01
annealing
RandomSwapping
a ['rec4', 'rec1', 'rec2', 'rec3']
RandomVectoring
[[0, 10, 10, 10], [10, 0, 20, 0], [10, 20, 0, 0], [10, 0, 0, 0]]
['rec2', 'rec1', 'rec4', 'rec3']
['rec3', 'rec1', 'rec2', 'rec4']
[[0, 10, 10, 10], [10, 0, 20, 10], [10, 20, 0, 0], [10, 10, 0, 0]]
OBJ VALUE IS 1.0681089112817245e-01
Cx rec1 is 38
Cx rec2 is 37
Cx rec3 is 38
Cx rec4 is 92
Cy rec1 is 7.9999999999999872e+01
Cy rec2 is 1.0999999999999970e+02
Cy rec3 is 4.9999999999999993e+01
Cy rec4 is 1.3000000000000011e+02
coefficent matrix: [[-3.225806451612921e-06, 6.198484047241337e-06, -1.6393442622950897e-06, -1.333333333333326e-06], [-3.333333333333347e-06, -1.6393442622950897e-06, 5.7189462523448534e-06, -7.462686567164173e-07], [-9.615384615384596e-07, -1.333333333333326e-06, -7.462686567164173e-07, 3.041140451588203e-06], [-1, -1, -1, -1]]
know term matrix: [-1229, -1229, -1229, 4]
Temperatura regione 0 = 408243452.597
Temperatura regione 1 = -62031988.9652
Temperatura regione 2 = -35303860.2167
Temperatura regione 3 = -310907607.415
DCx(rec1,rec2) 1.0000000000001386e+00
DCy(rec1,rec2) 2.9999999999999662e+01
DCx(rec1,rec3) 0
DCy(rec1,rec3) 2.9999999999999741e+01
DCx(rec1,rec4) 54
DCy(rec1,rec4) 5.0000000000000242e+01
DCx(rec2,rec1) 1.0000000000001386e+00
DCy(rec2,rec1) 2.9999999999999662e+01
DCx(rec2,rec3) 1
DCy(rec2,rec3) 5.9999999999999588e+01
DCx(rec2,rec4) 55
DCy(rec2,rec4) 2.0000000000000426e+01
DCx(rec3,rec1) 0
DCy(rec3,rec1) 2.9999999999999741e+01
DCx(rec3,rec2) 1
DCy(rec3,rec2) 5.9999999999999588e+01
DCx(rec3,rec4) 54
DCy(rec3,rec4) 8.0000000000000114e+01
DCx(rec4,rec1) 54
DCy(rec4,rec1) 5.0000000000000242e+01
DCx(rec4,rec2) 55
DCy(rec4,rec2) 2.0000000000000426e+01
DCx(rec4,rec3) 54
DCy(rec4,rec3) 8.0000000000000114e+01
annealing
RandomSwapping
a ['rec4', 'rec1', 'rec2', 'rec3']
IntelligentSwapping
a ['rec4', 'rec1', 'rec2', 'rec3'] b ['rec3', 'rec1', 'rec2', 'rec4']
minIndex 3 maxIndex 0
['rec3', 'rec1', 'rec2', 'rec4']
['rec3', 'rec1', 'rec2', 'rec4']
[[0, 10, 10, 10], [10, 0, 20, 10], [10, 20, 0, 0], [10, 10, 0, 0]]
OBJ VALUE IS 1.0739020344410243e-01
Cx rec1 is 58
Cx rec2 is 81
Cx rec3 is 38
Cx rec4 is 95
Cy rec1 is 40
Cy rec2 is 40
Cy rec3 is 40
Cy rec4 is 1.9999999999999964e+01
coefficent matrix: [[-4.347826086956521e-06, 9.61458395289359e-06, -2.325581395348837e-06, -2.941176470588232e-06], [-5e-06, -2.325581395348837e-06, 8.624282694050136e-06, -1.2987012987012982e-06], [-1.7543859649122797e-06, -2.941176470588232e-06, -1.2987012987012982e-06, 5.994263734201809e-06], [-1, -1, -1, -1]]
know term matrix: [-1229, -1229, -1229, 4]
Temperatura regione 0 = 265321175.301
Temperatura regione 1 = -66600675.5196
Temperatura regione 2 = -31780560.3608
Temperatura regione 3 = -166939943.421
DCx(rec1,rec2) 23
DCy(rec1,rec2) 0
DCx(rec1,rec3) 20
DCy(rec1,rec3) 0
DCx(rec1,rec4) 37
DCy(rec1,rec4) 2.0000000000000036e+01
DCx(rec2,rec1) 23
DCy(rec2,rec1) 0
DCx(rec2,rec3) 43
DCy(rec2,rec3) 0
DCx(rec2,rec4) 14
DCy(rec2,rec4) 2.0000000000000036e+01
DCx(rec3,rec1) 20
DCy(rec3,rec1) 0
DCx(rec3,rec2) 43
DCy(rec3,rec2) 0
DCx(rec3,rec4) 57
DCy(rec3,rec4) 2.0000000000000036e+01
DCx(rec4,rec1) 37
DCy(rec4,rec1) 2.0000000000000036e+01
DCx(rec4,rec2) 14
DCy(rec4,rec2) 2.0000000000000036e+01
DCx(rec4,rec3) 57
DCy(rec4,rec3) 2.0000000000000036e+01
annealing
RandomSwapping
a ['rec4', 'rec1', 'rec2', 'rec3']
RandomSwapping
a ['rec4', 'rec1', 'rec2', 'rec3']
['rec4', 'rec1', 'rec2', 'rec3']
['rec3', 'rec1', 'rec4', 'rec2']
[[0, 10, 10, 10], [10, 0, 20, 10], [10, 20, 0, 0], [10, 10, 0, 0]]
OBJ VALUE IS 1.1057823816942774e-01
Cx rec1 is 48
Cx rec2 is 85
Cx rec3 is 48
Cx rec4 is 6.5999999999999972e+01
Cy rec1 is 60
Cy rec2 is 60
Cy rec3 is 30
Cy rec4 is 1.1000000000000011e+02
coefficent matrix: [[-2.7027027027027026e-06, 5.644515378454376e-06, -1.4925373134328358e-06, -1.4492753623188376e-06], [-3.3333333333333333e-06, -1.4925373134328358e-06, 5.846278810031475e-06, -1.0204081632653052e-06], [-1.4705882352941156e-06, -1.4492753623188376e-06, -1.0204081632653052e-06, 3.940271760878259e-06], [-1, -1, -1, -1]]
know term matrix: [-1229, -1229, -1229, 4]
Temperatura regione 0 = 384426183.551
Temperatura regione 1 = -105670609.312
Temperatura regione 2 = -56758256.8715
Temperatura regione 3 = -221997321.367
DCx(rec1,rec2) 37
DCy(rec1,rec2) 0
DCx(rec1,rec3) 0
DCy(rec1,rec3) 30
DCx(rec1,rec4) 1.7999999999999972e+01
DCy(rec1,rec4) 5.0000000000000114e+01
DCx(rec2,rec1) 37
DCy(rec2,rec1) 0
DCx(rec2,rec3) 37
DCy(rec2,rec3) 30
DCx(rec2,rec4) 1.9000000000000028e+01
DCy(rec2,rec4) 5.0000000000000114e+01
DCx(rec3,rec1) 0
DCy(rec3,rec1) 30
DCx(rec3,rec2) 37
DCy(rec3,rec2) 30
DCx(rec3,rec4) 1.7999999999999972e+01
DCy(rec3,rec4) 8.0000000000000114e+01
DCx(rec4,rec1) 1.7999999999999972e+01
DCy(rec4,rec1) 5.0000000000000114e+01
DCx(rec4,rec2) 1.9000000000000028e+01
DCy(rec4,rec2) 5.0000000000000114e+01
DCx(rec4,rec3) 1.7999999999999972e+01
DCy(rec4,rec3) 8.0000000000000114e+01
annealing
IntelligentSwapping
a ['rec4', 'rec1', 'rec2', 'rec3'] b ['rec3', 'rec1', 'rec2', 'rec4']
minIndex 3 maxIndex 0
IntelligentVectoring
[[0, 10, 10, 10], [10, 0, 20, 10], [10, 20, 0, 0], [10, 10, 0, 0]]
[[0, 10, 10, 10], [10, 0, 20, 10], [10, 20, 0, 0], [10, 10, 0, 0]]
['rec4', 'rec1', 'rec2', 'rec3']
['rec4', 'rec1', 'rec2', 'rec3']
[[0, 10, 10, 20], [10, 0, 20, 10], [10, 20, 0, 0], [20, 10, 0, 0]]
OBJ VALUE IS 1.4223677133837329e-01
Cx rec1 is 19
Cx rec2 is 32
Cx rec3 is 42
Cx rec4 is 4
Cy rec1 is 5.9999999999999986e+01
Cy rec2 is 4.9999999999999631e+01
Cy rec3 is 5.9999999999998366e+01
Cy rec4 is 1.1000000000000003e+02
coefficent matrix: [[-4.3478260869564544e-06, 1.0484189723320403e-05, -5.000000000000316e-06, -1.1363636363636313e-06], [-4.347826086956216e-06, -5.000000000000316e-06, 1.0484189723320147e-05, -1.136363636363615e-06], [-1.5384615384615374e-06, -1.1363636363636313e-06, -1.136363636363615e-06, 3.8111888111887835e-06], [-1, -1, -1, -1]]
know term matrix: [-1229, -1229, -1229, 4]
Temperatura regione 0 = 296069158.751
Temperatura regione 1 = -35862832.9502
Temperatura regione 2 = -35862832.9502
Temperatura regione 3 = -224343496.851
DCx(rec1,rec2) 13
DCy(rec1,rec2) 1.0000000000000355e+01
DCx(rec1,rec3) 23
DCy(rec1,rec3) 0
DCx(rec1,rec4) 15
DCy(rec1,rec4) 5.0000000000000043e+01
DCx(rec2,rec1) 13
DCy(rec2,rec1) 1.0000000000000355e+01
DCx(rec2,rec3) 10
DCy(rec2,rec3) 9.9999999999995310e+00
DCx(rec2,rec4) 28
DCy(rec2,rec4) 6.0000000000000398e+01
DCx(rec3,rec1) 23
DCy(rec3,rec1) 0
DCx(rec3,rec2) 10
DCy(rec3,rec2) 9.9999999999995310e+00
DCx(rec3,rec4) 38
DCy(rec3,rec4) 5.0000000000001663e+01
DCx(rec4,rec1) 15
DCy(rec4,rec1) 5.0000000000000043e+01
DCx(rec4,rec2) 28
DCy(rec4,rec2) 6.0000000000000398e+01
DCx(rec4,rec3) 38
DCy(rec4,rec3) 5.0000000000001663e+01
annealing
RandomSwapping
a ['rec4', 'rec1', 'rec2', 'rec3']
RandomVectoring
[[0, 10, 10, 20], [10, 0, 20, 10], [10, 20, 0, 0], [20, 10, 0, 0]]
['rec4', 'rec2', 'rec1', 'rec3']
['rec3', 'rec1', 'rec2', 'rec4']
[[0, 10, 10, 20], [10, 0, 20, 10], [10, 20, 0, 10], [20, 10, 10, 0]]
OBJ VALUE IS 1.0681089112817237e-01
Cx rec1 is 38
Cx rec2 is 37
Cx rec3 is 38
Cx rec4 is 20
Cy rec1 is 1.0000000000000037e+02
Cy rec2 is 1.3000000000000017e+02
Cy rec3 is 7.0000000000000369e+01
Cy rec4 is 1.5000000000000006e+02
coefficent matrix: [[-3.225806451612924e-06, 7.567853416610723e-06, -1.6393442622950876e-06, -2.702702702702711e-06], [-3.3333333333333333e-06, -1.6393442622950876e-06, 5.99308575889373e-06, -1.0204081632653094e-06], [-1.4705882352941245e-06, -2.702702702702711e-06, -1.0204081632653094e-06, 5.193699101262145e-06], [-1, -1, -1, -1]]
know term matrix: [-1229, -1229, -1229, 4]
Temperatura regione 0 = 357741397.283
Temperatura regione 1 = -94648975.4423
Temperatura regione 2 = -65609608.3743
Temperatura regione 3 = -197482817.466
DCx(rec1,rec2) 9.9999999999995737e-01
DCy(rec1,rec2) 2.9999999999999538e+01
DCx(rec1,rec3) 0
DCy(rec1,rec3) 2.9999999999999726e+01
DCx(rec1,rec4) 18
DCy(rec1,rec4) 4.9999999999999460e+01
DCx(rec2,rec1) 9.9999999999995737e-01
DCy(rec2,rec1) 2.9999999999999538e+01
DCx(rec2,rec3) 1
DCy(rec2,rec3) 5.9999999999999645e+01
DCx(rec2,rec4) 17
DCy(rec2,rec4) 1.9999999999999638e+01
DCx(rec3,rec1) 0
DCy(rec3,rec1) 2.9999999999999726e+01
DCx(rec3,rec2) 1
DCy(rec3,rec2) 5.9999999999999645e+01
DCx(rec3,rec4) 18
DCy(rec3,rec4) 8.0000000000000114e+01
DCx(rec4,rec1) 18
DCy(rec4,rec1) 4.9999999999999460e+01
DCx(rec4,rec2) 17
DCy(rec4,rec2) 1.9999999999999638e+01
DCx(rec4,rec3) 18
DCy(rec4,rec3) 8.0000000000000114e+01
annealing
IntelligentSwapping
a ['rec4', 'rec1', 'rec2', 'rec3'] b ['rec3', 'rec1', 'rec2', 'rec4']
minIndex 3 maxIndex 0
RandomVectoring
[[0, 10, 10, 20], [10, 0, 20, 10], [10, 20, 0, 10], [20, 10, 10, 0]]
['rec3', 'rec1', 'rec2', 'rec4']
['rec3', 'rec1', 'rec2', 'rec4']
[[0, 20, 10, 20], [20, 0, 20, 10], [10, 20, 0, 10], [20, 10, 10, 0]]
OBJ VALUE IS 1.0739020344410256e-01
Cx rec1 is 60
Cx rec2 is 83
Cx rec3 is 40
Cx rec4 is 97
Cy rec1 is 5.9999999999999559e+01
Cy rec2 is 5.9999999999999872e+01
Cy rec3 is 6.0000000000000256e+01
Cy rec4 is 3.9999999999999659e+01
coefficent matrix: [[-4.347826086956463e-06, 9.614583952893497e-06, -2.3255813953488164e-06, -2.941176470588217e-06], [-4.999999999999826e-06, -2.3255813953488164e-06, 8.62428269404993e-06, -1.2987012987012886e-06], [-1.754385964912284e-06, -2.941176470588217e-06, -1.2987012987012886e-06, 5.994263734201789e-06], [-1, -1, -1, -1]]
know term matrix: [-1229, -1229, -1229, 4]
Temperatura regione 0 = 265321175.301
Temperatura regione 1 = -66600675.5196
Temperatura regione 2 = -31780560.3608
Temperatura regione 3 = -166939943.421
DCx(rec1,rec2) 23
DCy(rec1,rec2) 0
DCx(rec1,rec3) 20
DCy(rec1,rec3) 0
DCx(rec1,rec4) 37
DCy(rec1,rec4) 1.9999999999999901e+01
DCx(rec2,rec1) 23
DCy(rec2,rec1) 0
DCx(rec2,rec3) 43
DCy(rec2,rec3) 0
DCx(rec2,rec4) 14
DCy(rec2,rec4) 2.0000000000000213e+01
DCx(rec3,rec1) 20
DCy(rec3,rec1) 0
DCx(rec3,rec2) 43
DCy(rec3,rec2) 0
DCx(rec3,rec4) 57
DCy(rec3,rec4) 2.0000000000000757e+01
DCx(rec4,rec1) 37
DCy(rec4,rec1) 1.9999999999999901e+01
DCx(rec4,rec2) 14
DCy(rec4,rec2) 2.0000000000000213e+01
DCx(rec4,rec3) 57
DCy(rec4,rec3) 2.0000000000000757e+01
annealing
IntelligentSwapping
a ['rec4', 'rec1', 'rec2', 'rec3'] b ['rec3', 'rec1', 'rec2', 'rec4']
minIndex 3 maxIndex 0
IntelligentVectoring
[[0, 20, 10, 20], [20, 0, 20, 10], [10, 20, 0, 10], [20, 10, 10, 0]]
[[0, 20, 10, 20], [20, 0, 20, 10], [10, 20, 0, 10], [20, 10, 10, 0]]
['rec3', 'rec1', 'rec2', 'rec4']
['rec3', 'rec1', 'rec2', 'rec4']
[[0, 30, 10, 20], [30, 0, 20, 10], [10, 20, 0, 10], [20, 10, 10, 0]]
OBJ VALUE IS 1.1194371623352510e-01
Cx rec1 is 66
Cx rec2 is 87
Cx rec3 is 43
Cx rec4 is 102
Cy rec1 is 5.0000000000000270e+01
Cy rec2 is 40
Cy rec3 is 5.0000000000000924e+01
Cy rec4 is 80
coefficent matrix: [[-3.225806451612875e-06, 6.8958401216465134e-06, -1.8518518518518203e-06, -1.818181818181818e-06], [-4.3478260869563985e-06, -1.8518518518518203e-06, 7.323273444426208e-06, -1.1235955056179891e-06], [-1.5151515151515216e-06, -1.818181818181818e-06, -1.1235955056179891e-06, 4.456928838951329e-06], [-1, -1, -1, -1]]
know term matrix: [-1229, -1229, -1229, 4]
Temperatura regione 0 = 325725743.562
Temperatura regione 1 = -88532033.371
Temperatura regione 2 = -28798732.1172
Temperatura regione 3 = -208394982.073
DCx(rec1,rec2) 21
DCy(rec1,rec2) 1.0000000000000270e+01
DCx(rec1,rec3) 23
DCy(rec1,rec3) 0
DCx(rec1,rec4) 36
DCy(rec1,rec4) 2.9999999999999730e+01
DCx(rec2,rec1) 21
DCy(rec2,rec1) 1.0000000000000270e+01
DCx(rec2,rec3) 44
DCy(rec2,rec3) 1.0000000000000924e+01
DCx(rec2,rec4) 15
DCy(rec2,rec4) 40
DCx(rec3,rec1) 23
DCy(rec3,rec1) 0
DCx(rec3,rec2) 44
DCy(rec3,rec2) 1.0000000000000924e+01
DCx(rec3,rec4) 59
DCy(rec3,rec4) 2.9999999999999076e+01
DCx(rec4,rec1) 36
DCy(rec4,rec1) 2.9999999999999730e+01
DCx(rec4,rec2) 15
DCy(rec4,rec2) 40
DCx(rec4,rec3) 59
DCy(rec4,rec3) 2.9999999999999076e+01
annealing
IntelligentSwapping
a ['rec4', 'rec1', 'rec2', 'rec3'] b ['rec3', 'rec1', 'rec2', 'rec4']
minIndex 3 maxIndex 0
IntelligentVectoring
[[0, 30, 10, 20], [30, 0, 20, 10], [10, 20, 0, 10], [20, 10, 10, 0]]
[[0, 30, 10, 20], [30, 0, 20, 10], [10, 20, 0, 10], [20, 10, 10, 0]]
['rec4', 'rec1', 'rec2', 'rec3']
['rec4', 'rec1', 'rec2', 'rec3']
[[0, 30, 10, 20], [30, 0, 20, 10], [10, 20, 0, 20], [20, 10, 20, 0]]
OBJ VALUE IS 1.4698524454955586e-01
Cx rec1 is 19
Cx rec2 is 31
Cx rec3 is 4.1999999999999993e+01
Cx rec4 is 6
Cy rec1 is 80
Cy rec2 is 100
Cy rec3 is 80
Cy rec4 is 120
coefficent matrix: [[-3.125e-06, 8.573028673835125e-06, -3.225806451612904e-06, -2.222222222222222e-06], [-4.347826086956523e-06, -3.225806451612904e-06, 8.889422012253638e-06, -1.3157894736842106e-06], [-1.8867924528301887e-06, -2.222222222222222e-06, -1.3157894736842106e-06, 5.424804148736622e-06], [-1, -1, -1, -1]]
know term matrix: [-1229, -1229, -1229, 4]
Temperatura regione 0 = 307514414.113
Temperatura regione 1 = -92440118.1851
Temperatura regione 2 = -46365255.4766
Temperatura regione 3 = -168709044.452
DCx(rec1,rec2) 12
DCy(rec1,rec2) 20
DCx(rec1,rec3) 2.2999999999999989e+01
DCy(rec1,rec3) 0
DCx(rec1,rec4) 13
DCy(rec1,rec4) 40
DCx(rec2,rec1) 12
DCy(rec2,rec1) 20
DCx(rec2,rec3) 1.0999999999999991e+01
DCy(rec2,rec3) 20
DCx(rec2,rec4) 25
DCy(rec2,rec4) 20
DCx(rec3,rec1) 2.2999999999999989e+01
DCy(rec3,rec1) 0
DCx(rec3,rec2) 1.0999999999999991e+01
DCy(rec3,rec2) 20
DCx(rec3,rec4) 3.5999999999999993e+01
DCy(rec3,rec4) 40
DCx(rec4,rec1) 13
DCy(rec4,rec1) 40
DCx(rec4,rec2) 25
DCy(rec4,rec2) 20
DCx(rec4,rec3) 3.5999999999999993e+01
DCy(rec4,rec3) 40
annealing
IntelligentSwapping
a ['rec4', 'rec1', 'rec2', 'rec3'] b ['rec3', 'rec1', 'rec2', 'rec4']
minIndex 3 maxIndex 0
IntelligentSwapping
a ['rec4', 'rec1', 'rec2', 'rec3'] b ['rec3', 'rec1', 'rec2', 'rec4']
minIndex 3 maxIndex 0
['rec4', 'rec1', 'rec2', 'rec3']
['rec4', 'rec1', 'rec2', 'rec3']
[[0, 30, 10, 20], [30, 0, 20, 10], [10, 20, 0, 20], [20, 10, 20, 0]]
OBJ VALUE IS 1.4698524454955586e-01
Cx rec1 is 19
Cx rec2 is 31
Cx rec3 is 4.1999999999999993e+01
Cx rec4 is 6
Cy rec1 is 80
Cy rec2 is 100
Cy rec3 is 80
Cy rec4 is 120
coefficent matrix: [[-3.125e-06, 8.573028673835125e-06, -3.225806451612904e-06, -2.222222222222222e-06], [-4.347826086956523e-06, -3.225806451612904e-06, 8.889422012253638e-06, -1.3157894736842106e-06], [-1.8867924528301887e-06, -2.222222222222222e-06, -1.3157894736842106e-06, 5.424804148736622e-06], [-1, -1, -1, -1]]
know term matrix: [-1229, -1229, -1229, 4]
Temperatura regione 0 = 307514414.113
Temperatura regione 1 = -92440118.1851
Temperatura regione 2 = -46365255.4766
Temperatura regione 3 = -168709044.452
DCx(rec1,rec2) 12
DCy(rec1,rec2) 20
DCx(rec1,rec3) 2.2999999999999989e+01
DCy(rec1,rec3) 0
DCx(rec1,rec4) 13
DCy(rec1,rec4) 40
DCx(rec2,rec1) 12
DCy(rec2,rec1) 20
DCx(rec2,rec3) 1.0999999999999991e+01
DCy(rec2,rec3) 20
DCx(rec2,rec4) 25
DCy(rec2,rec4) 20
DCx(rec3,rec1) 2.2999999999999989e+01
DCy(rec3,rec1) 0
DCx(rec3,rec2) 1.0999999999999991e+01
DCy(rec3,rec2) 20
DCx(rec3,rec4) 3.5999999999999993e+01
DCy(rec3,rec4) 40
DCx(rec4,rec1) 13
DCy(rec4,rec1) 40
DCx(rec4,rec2) 25
DCy(rec4,rec2) 20
DCx(rec4,rec3) 3.5999999999999993e+01
DCy(rec4,rec3) 40
annealing
RandomSwapping
a ['rec4', 'rec1', 'rec2', 'rec3']
RandomSwapping
a ['rec4', 'rec1', 'rec2', 'rec3']
['rec4', 'rec3', 'rec2', 'rec1']
['rec3', 'rec1', 'rec2', 'rec4']
[[0, 30, 10, 20], [30, 0, 20, 10], [10, 20, 0, 20], [20, 10, 20, 0]]
OBJ VALUE IS 1.0907306442670299e-01
Cx rec1 is 78
Cx rec2 is 78
Cx rec3 is 48
Cx rec4 is 92
Cy rec1 is 4.9999999999999886e+01
Cy rec2 is 8.9999999999999886e+01
Cy rec3 is 4.9999999999999829e+01
Cy rec4 is 130
coefficent matrix: [[-2.5e-06, 5.780423280423275e-06, -1.4285714285714274e-06, -1.8518518518518478e-06], [-3.333333333333327e-06, -1.4285714285714274e-06, 5.568356374807978e-06, -8.064516129032246e-07], [-1.0638297872340412e-06, -1.8518518518518478e-06, -8.064516129032246e-07, 3.7221332519891138e-06], [-1, -1, -1, -1]]
know term matrix: [-1229, -1229, -1229, 4]
Temperatura regione 0 = 431411694.238
Temperatura regione 1 = -122519066.512
Temperatura regione 2 = -33741442.6545
Temperatura regione 3 = -275151189.071
DCx(rec1,rec2) 0
DCy(rec1,rec2) 3.9999999999999886e+01
DCx(rec1,rec3) 30
DCy(rec1,rec3) 0
DCx(rec1,rec4) 14
DCy(rec1,rec4) 80
DCx(rec2,rec1) 0
DCy(rec2,rec1) 3.9999999999999886e+01
DCx(rec2,rec3) 30
DCy(rec2,rec3) 3.9999999999999886e+01
DCx(rec2,rec4) 14
DCy(rec2,rec4) 4.0000000000000284e+01
DCx(rec3,rec1) 30
DCy(rec3,rec1) 0
DCx(rec3,rec2) 30
DCy(rec3,rec2) 3.9999999999999886e+01
DCx(rec3,rec4) 44
DCy(rec3,rec4) 80
DCx(rec4,rec1) 14
DCy(rec4,rec1) 80
DCx(rec4,rec2) 14
DCy(rec4,rec2) 4.0000000000000284e+01
DCx(rec4,rec3) 44
DCy(rec4,rec3) 80
annealing
RandomSwapping
a ['rec4', 'rec1', 'rec2', 'rec3']
IntelligentVectoring
[[0, 30, 10, 20], [30, 0, 20, 10], [10, 20, 0, 20], [20, 10, 20, 0]]
[[0, 30, 10, 20], [30, 0, 20, 10], [10, 20, 0, 20], [20, 10, 20, 0]]
['rec2', 'rec1', 'rec4', 'rec3']
['rec3', 'rec1', 'rec2', 'rec4']
[[0, 30, 10, 20], [30, 0, 20, 20], [10, 20, 0, 20], [20, 20, 20, 0]]
OBJ VALUE IS 1.0681089112817233e-01
Cx rec1 is 38
Cx rec2 is 37
Cx rec3 is 38
Cx rec4 is 92
Cy rec1 is 7.9999999999999858e+01
Cy rec2 is 1.0999999999999943e+02
Cy rec3 is 4.9999999999999922e+01
Cy rec4 is 1.0999999999999986e+02
coefficent matrix: [[-3.2258064516129472e-06, 6.683332532089846e-06, -1.639344262295095e-06, -1.8181818181818039e-06], [-3.3333333333333405e-06, -1.639344262295095e-06, 5.8498705780845765e-06, -8.771929824561409e-07], [-1.1904761904761904e-06, -1.8181818181818039e-06, -8.771929824561409e-07, 3.885850991114135e-06], [-1, -1, -1, -1]]
know term matrix: [-1229, -1229, -1229, 4]
Temperatura regione 0 = 381555457.354
Temperatura regione 1 = -80283086.2423
Temperatura regione 2 = -52479674.4311
Temperatura regione 3 = -248792700.68
DCx(rec1,rec2) 1
DCy(rec1,rec2) 2.9999999999999243e+01
DCx(rec1,rec3) 0
DCy(rec1,rec3) 2.9999999999999787e+01
DCx(rec1,rec4) 54
DCy(rec1,rec4) 3.0000000000000476e+01
DCx(rec2,rec1) 1
DCy(rec2,rec1) 2.9999999999999243e+01
DCx(rec2,rec3) 1
DCy(rec2,rec3) 5.9999999999999346e+01
DCx(rec2,rec4) 55
DCy(rec2,rec4) 0
DCx(rec3,rec1) 0
DCy(rec3,rec1) 2.9999999999999787e+01
DCx(rec3,rec2) 1
DCy(rec3,rec2) 5.9999999999999346e+01
DCx(rec3,rec4) 54
DCy(rec3,rec4) 5.9999999999999773e+01
DCx(rec4,rec1) 54
DCy(rec4,rec1) 3.0000000000000476e+01
DCx(rec4,rec2) 55
DCy(rec4,rec2) 0
DCx(rec4,rec3) 54
DCy(rec4,rec3) 5.9999999999999773e+01
annealing
RandomSwapping
a ['rec4', 'rec1', 'rec2', 'rec3']
RandomSwapping
a ['rec4', 'rec1', 'rec2', 'rec3']
['rec4', 'rec1', 'rec2', 'rec3']
['rec3', 'rec4', 'rec2', 'rec1']
[[0, 30, 10, 20], [30, 0, 20, 20], [10, 20, 0, 20], [20, 20, 20, 0]]
OBJ VALUE IS 1.2671912994510909e-01
Cx rec1 is 48
Cx rec2 is 48
Cx rec3 is 48
Cx rec4 is 15
Cy rec1 is 6.0000000000000156e+01
Cy rec2 is 3.0000000000000021e+01
Cy rec3 is 9.9999999999999947e+00
Cy rec4 is 80
coefficent matrix: [[-3.3333333333333185e-06, 9.538152610441746e-06, -4.999999999999993e-06, -1.204819277108434e-06], [-1.9999999999999936e-06, -4.999999999999993e-06, 7.970873786407753e-06, -9.70873786407767e-07], [-1.8867924528301944e-06, -1.204819277108434e-06, -9.70873786407767e-07, 4.062485516346395e-06], [-1, -1, -1, -1]]
know term matrix: [-1229, -1229, -1229, 4]
Temperatura regione 0 = 390052537.457
Temperatura regione 1 = -83032657.3485
Temperatura regione 2 = -129967409.587
Temperatura regione 3 = -177052474.522
DCx(rec1,rec2) 0
DCy(rec1,rec2) 3.0000000000000270e+01
DCx(rec1,rec3) 0
DCy(rec1,rec3) 5.0000000000000043e+01
DCx(rec1,rec4) 33
DCy(rec1,rec4) 1.9999999999999844e+01
DCx(rec2,rec1) 0
DCy(rec2,rec1) 3.0000000000000270e+01
DCx(rec2,rec3) 0
DCy(rec2,rec3) 2.0000000000000078e+01
DCx(rec2,rec4) 33
DCy(rec2,rec4) 4.9999999999999979e+01
DCx(rec3,rec1) 0
DCy(rec3,rec1) 5.0000000000000043e+01
DCx(rec3,rec2) 0
DCy(rec3,rec2) 2.0000000000000078e+01
DCx(rec3,rec4) 33
DCy(rec3,rec4) 70
DCx(rec4,rec1) 33
DCy(rec4,rec1) 1.9999999999999844e+01
DCx(rec4,rec2) 33
DCy(rec4,rec2) 4.9999999999999979e+01
DCx(rec4,rec3) 33
DCy(rec4,rec3) 70
annealing
RandomSwapping
a ['rec4', 'rec1', 'rec2', 'rec3']
IntelligentVectoring
[[0, 30, 10, 20], [30, 0, 20, 20], [10, 20, 0, 20], [20, 20, 20, 0]]
[[0, 30, 10, 20], [30, 0, 20, 20], [10, 20, 0, 20], [20, 20, 20, 0]]
['rec1', 'rec4', 'rec2', 'rec3']
['rec3', 'rec1', 'rec2', 'rec4']
[[0, 30, 10, 30], [30, 0, 20, 20], [10, 20, 0, 20], [30, 20, 20, 0]]
OBJ VALUE IS 1.1057823816942669e-01
Cx rec1 is 46
Cx rec2 is 83
Cx rec3 is 46
Cx rec4 is 92
Cy rec1 is 9.9999999999999687e+01
Cy rec2 is 100
Cy rec3 is 70
Cy rec4 is 130
coefficent matrix: [[-2.7027027027026797e-06, 6.7593425802380795e-06, -1.4925373134328358e-06, -2.564102564102564e-06], [-3.333333333333368e-06, -1.4925373134328358e-06, 5.769266873181298e-06, -9.433962264150943e-07], [-1.315789473684205e-06, -2.564102564102564e-06, -9.433962264150943e-07, 4.823288264201863e-06], [-1, -1, -1, -1]]
know term matrix: [-1229, -1229, -1229, 4]
Temperatura regione 0 = 393936012.522
Temperatura regione 1 = -119911830.291
Temperatura regione 2 = -52641733.5841
Temperatura regione 3 = -221382452.646
DCx(rec1,rec2) 37
DCy(rec1,rec2) 0
DCx(rec1,rec3) 0
DCy(rec1,rec3) 2.9999999999999687e+01
DCx(rec1,rec4) 46
DCy(rec1,rec4) 3.0000000000000313e+01
DCx(rec2,rec1) 37
DCy(rec2,rec1) 0
DCx(rec2,rec3) 37
DCy(rec2,rec3) 30
DCx(rec2,rec4) 9
DCy(rec2,rec4) 30
DCx(rec3,rec1) 0
DCy(rec3,rec1) 2.9999999999999687e+01
DCx(rec3,rec2) 37
DCy(rec3,rec2) 30
DCx(rec3,rec4) 46
DCy(rec3,rec4) 60
DCx(rec4,rec1) 46
DCy(rec4,rec1) 3.0000000000000313e+01
DCx(rec4,rec2) 9
DCy(rec4,rec2) 30
DCx(rec4,rec3) 46
DCy(rec4,rec3) 60
annealing
IntelligentSwapping
a ['rec4', 'rec1', 'rec2', 'rec3'] b ['rec3', 'rec1', 'rec2', 'rec4']
minIndex 3 maxIndex 0
RandomSwapping
a ['rec4', 'rec1', 'rec2', 'rec3']
['rec4', 'rec1', 'rec2', 'rec3']
['rec2', 'rec1', 'rec3', 'rec4']
[[0, 30, 10, 30], [30, 0, 20, 20], [10, 20, 0, 20], [30, 20, 20, 0]]
coefficent matrix: [[-2.7027027027026797e-06, 6.7593425802380795e-06, -1.4925373134328358e-06, -2.564102564102564e-06], [-3.333333333333368e-06, -1.4925373134328358e-06, 5.769266873181298e-06, -9.433962264150943e-07], [-1.315789473684205e-06, -2.564102564102564e-06, -9.433962264150943e-07, 4.823288264201863e-06], [-1, -1, -1, -1]]
know term matrix: [-1229, -1229, -1229, 4]
Temperatura regione 0 = 393936012.522
Temperatura regione 1 = -119911830.291
Temperatura regione 2 = -52641733.5841
Temperatura regione 3 = -221382452.646
